1515111511. 2³

55115555155511511551511515 protoplasma, qui, 1555 quelques
5551515, 551 divise 55555115151155. 1111115, 1555 quelques 555
renes, 155 5515511555 555155111155511111551551511115 515551511555·
5151155151155151151. 1551155511111151111), 55 11155 5115515515151551
15551551515151511555 155 5551151511551151155555. 1551 55155151,
5111111511551551551511, 551 111511 15115 15 5155511151 nombre 15
555,51511151155 1555 quelques 5111155, 551511 155 11511155 ‘pur
exemplu 1551155115 L. 1511115151151. 1151111551515155 555151515115
5515515555, 1111155 1555 15111 15 1551515 15111 15555551, sunl
555115 5555151115 (en. gr. 155551155551551.

Lus 5515511555551551555511155515515111511155551155551515515
1511555555, 51 5115151515 1555155155 5511155511551551555151155
· 1551151515 15115 laquelle 55 von 11551151515155 551115 uranus
55 1551155551115515515555511555, assez 15155, 5115551111115155
551555115515115515111, 1111155515 5515511555551511155. -

1511515151551 551115 recipient 5511 111555551115511551151 55
51115515515511 511551551151155151511 1555551115 5111155, 511551
155155515515511 exerce 551155 unques lursqu’il 11551 11 5115111151
1’555; 555151511155, 1515155 51515 15 55 1515515, 55 1115111
55551111 15 155155111555. La 511511115115511111515 5551111155 aussi
singulieremnu 551555111511115 1515115515 1 155111151551 11515
1555515155, 51551 qu'un 55111. s'nn 5555151, eu 5115511551 55
5151555555 555 1111115115 151515 d’un lenit 15551511555115
qnelnunque.

Lo mol 5511551551 seul 1 11515511115555111515 15 thunium,
1515115 551 155 551515515 5551511555 et 15 5155 5551551 5515115 des
5515515555, 55155515 5515515111, 1555 beaucoup de 555, 155 gunu
55151155515151515155551551;1’55115515151’55111155155155155555-
115115111551 1515115515555555115551115511115 15555 515551511555
5155155555 55551555155 511 111551551. 115115 quelques 55555115,

parmi les 11511155, 1551111551551 n'esl 555 11511115 551 555 tranche
15155515 lenit, les 515511555551155555555151515151511
55515151; 15555155115111555111551511155115155555151555111555·
perenne 51 1115115155 uelle 155 5551155155. 1’55111551551,5515515

un 15 1511, 551555 551115 5155 55 moins 1151111515 15 1115515111 ; 51
je 1515 ajouter qu'le 55 5115111151 55151155555111 1555155 555-

 

