611 11161111 11611111.

61616616 66 6116-1111 11166661666611616, 66 1661616161 661
6111616161 666 moins imponatis, 1661 66111, 666 161 1111161 Ν

6161661 (1).

6611 6111116116 11166 enom 11 auum pun· 11611611

66661116 66 1116666666 661 611661 grum, 611, 16 1166 66
1611111111 111116 66 61616 11661116, 6611111661 611166 1161611661

1166111116 16111116 661 11611661 161611666661661611161611116661,
61116116 (61166 6161616 6161161166 666616) 1166 161 eham-

61666111, 16 6116161161 161661166111166161666661 16 66611666 7

,66116 16116166, 61 66 6616666161 66 66 616666 6661111 611 1166
6661116 66116116· 6666111161 d’un 6616 161 161661661 1666661
, 1661611611 11 611116 661 Algam, 61 (16 116116 1 661161 6661161

6111616161 66661166161111111666661 661 (1166616666, 66116 ,
1616161161 161 6166616116116616611661611666116611111161 ³

16 grand 1161661116 6666111666 66 16666 1666111. En 6161161
161661, nous 11661 ζ6’116 6616 666 16116 1166661616 661, 611-
6161161, 661616 1611 16 166611 66 1116116116, (16 116111 6616
661 16116 6116666166 611 11166111 161 1161161 66 1666111661·
16616 6161 11 611116 661 (16166166661611661166111166 6661
16116 6666611666 6116 161 11 61111 6111116116, 16111 6116
6666111166 6666611 11 61161 intermediam 611 11611661 6111
6661 1666111 66 1166116111 61666666161611 616 6611111111 66 161
11116661 16111 1166166661 66 6661 161161 66116661 11 16111111
6166 6161161 6661111. 61111111666611 611 61116 66611116

. 611166111666. 116116 6116 61116161 1611 1111666 61111 6661111·

611166 66 plusieurs 1116616611 66 161161 66 6161616111 6111 ou ·
moins grands, 6161 ou moins 6161166661 6611, 11 11, 1 61161616
1111, 11 1661116 offrir quelques 1166661, 16111111111611661616111
1666616161 61611616166116161666611611161 661661 1161166661
1 161661 66 161 66616161.

161 11611661611616111661611661616166161661161161 1666-

(11 0611111166 11·1661161116111111 1111116111 11161 611 spermatis 11 16111116
6111161116611111111111616111111; 111111 616111 61111111 nunde 1111166111-

w, 611 11 1661 (111 1111111161 (1611 111 11161111 61 161 mmm
11111 1111161111 1116616161. 11 1116111 1161161611 611 mmo-tu 16111ιὶ-
:amabe 61111116 111 1116611. 66111 61166 11 61111111111111111611 611 1161111111

 

