6166616666. 59

1166666666 6666661661666166 6661 type commun 61 6661666661
666 grande 6666161166 66166116, 6611616116 6616166666111166
666611616666616 666616666616611166 parmi 166 Cryptogames,
61166116 61666 661 6666616161111666116166 Angues 6166116
1666666666, 666 16661666 desquels 6116 offro 6661661, par
116166611166616666161666 6666666 1116 ordre 16116666, 666
66661661661661166616166 mres 66161616666166166116666166661
66166 61166, 666 trois classes do 6166666661 166166 assez 661·
1666661 6166666116, 61 1661161666 plus encore quo 166 autres,
666 16661666 66 se 1166661116 quo par 166 661116611666 peu pro—
166166, sur 1666661166 memo on pout 1 peine s'ap'puyer pour
116111616666616666611666661661661166. .
Nous avons 66 1666 16 61661166 61611661 qu‘il n’est pas 166-
1666161616 66666616· 1166616616 1661666616611166 6611611666
quo 6666661 611116 166 1161666661666661166, 61 6666166111 6661
pus 166166 111161161611166 defluit 166 3666666116 166 6166161666
des 1611166 61166 616166 qui doivent 66666666 16 6611661666
166666166111661166. On 66166666166166166666161661666661
1 66 6616116166 66 166166161166666111661116161666161166,

1161611661161166 166 6661666 61 66 616661666116 16 61666111·
661166. ·

16 6166661166 6616666 qui 661 16611 sur 166 11611666 depuis -
1616661616 1616116166666661116, 6666616616611661166,
116166, 1116166, 86116666, 1166666, 1166616666, 1166611 6111666-

bor, 6616666666 166 61661166166611111666166 16 666 61611666. .

16661166166611 trop long, 1666 6611661111116666666661661116,
quo 16 66166666 161 166 61666 16 666 diverses 1166611666 syste-
66116666 6161166 taire 16 critique. 11661111 16 66666666 66161166
66666661 166166 661· 1666666166 6611161616 6166111661666, 61
6161161 6116666161 1666 base 6661661666661616 1666111616
611661166 16 66166666666116 666666666661666666616666-
16666 6166 se 66616116611616 6611166666 aux 1666166 16 1116116,
1661666 1· 66116166166116, (1661666 666666 1 66116 166 666666.-
11166 16 systema quo 6666 avons 616611, 166166166 6661166166
1161666661 1616166661661666 66 consideration, 61 166 sper·
66666166, 66666666611661 1 1611 6116116166 sous 66 rapport, 661

 

